-2.421893807278316046e+01 1.206598873831578089e+01 -1.137976092623663327e+01 1.206598873831578089e+01 -1.643558013117577588e+01 -6.487908296948275755e+00 -1.137976092623663327e+01 -6.487908296948275755e+00 -1.496267580785787210e+01
1.745566913506095474e+01 -3.566141311052672513e+00 -5.649518798608647252e+00 -3.566141311052672513e+00 -1.453587119154111740e+01 -6.931443567182381749e+00 -5.649518798608647252e+00 -6.931443567182381749e+00 -2.215256098154749864e+01
-3.326471028705828559e+01 -2.473702962117670268e+00 3.593529330241663988e+00 -2.473702962117670268e+00 -4.751548053713640085e-01 1.791983703247311865e+01 3.593529330241663988e+00 1.791983703247311865e+01 -1.109719185726424362e+00
-8.636858789109298939e+00 -9.679039607647832000e+00 -6.376755963003469807e-01 -9.679039607647832000e+00 -6.208648307121640286e+00 -1.394948513605608298e+01 -6.376755963003469807e-01 -1.394948513605608298e+01 -1.006044458279424170e+01
-1.676347894054546117e+01 1.028465035818200590e+01 -7.017355483594588605e+00 1.028465035818200590e+01 1.529471990003360737e+01 8.661427082517377585e+00 -7.017355483594588605e+00 8.661427082517377585e+00 -2.327510066078857776e+01
4.820725709944783111e-01 2.429080227230999700e+00 -8.701459454576022878e+00 2.429080227230999700e+00 -1.411311016531536744e+01 -1.764539893911086565e+01 -8.701459454576022878e+00 -1.764539893911086565e+01 -1.538514234887145982e+01
5.592041842177699351e+01 2.985752065844033076e+00 4.068215106082920585e+00 2.985752065844033076e+00 2.226547567067922273e+01 -1.316527094301116030e+00 4.068215106082920585e+00 -1.316527094301116030e+00 2.588271563903175920e+00
-1.720326402202646321e+01 6.400057621410670805e-01 9.496566760582924260e+00 6.400057621410670805e-01 1.500584220275045055e+01 5.294946572836069620e+00 9.496566760582924260e+00 5.294946572836069620e+00 -3.196123823257241980e+00
2.114563965826706848e+01 1.678663251474174700e+01 6.228478639200088374e+00 1.678663251474174700e+01 -3.816740155291671766e+00 -3.947342076630429020e+00 6.228478639200088374e+00 -3.947342076630429020e+00 2.002770981209694412e+01
-6.752072350082061192e+00 -9.050409113051061993e+00 3.806810729199430199e+00 -9.050409113051061993e+00 5.589733834701321236e+00 -9.009860837840138359e+00 3.806810729199430199e+00 -9.009860837840138359e+00 3.227036869869910785e+00
-1.234929108644668183e+01 6.417837945272717448e+00 -2.267049340944661395e+01 6.417837945272717448e+00 1.346305846914720128e+01 1.180921599296719027e+00 -2.267049340944661395e+01 1.180921599296719027e+00 9.101327772591972121e+00
-9.636321540857689882e+00 3.818230102905329826e+00 8.147498335650416479e+00 3.818230102905329826e+00 1.266658266721412751e+01 2.029412519058368503e+01 8.147498335650416479e+00 2.029412519058368503e+01 -6.496516349605408358e+00
-3.283015115200458922e+01 1.337917061306368893e+01 -2.190561482750758238e+00 1.337917061306368893e+01 -3.341942039957655908e+01 -2.083300759983144790e+00 -2.190561482750758238e+00 -2.083300759983144790e+00 -1.907554883396744927e+01
-1.008647468428178406e+01 8.006351882066365278e+00 -5.934417281654320142e+00 8.006351882066365278e+00 -2.936028103945782064e+00 3.480542136347094750e+00 -5.934417281654320142e+00 3.480542136347094750e+00 -2.950868844174704186e+00
-1.131339846179954733e+01 -1.370998384693745820e+01 1.467993653992713021e+01 -1.370998384693745820e+01 1.573152759346335472e+00 -8.876210267693616984e+00 1.467993653992713021e+01 -8.876210267693616984e+00 -1.521711339641717409e+01
-4.840383073823551818e+00 -3.542323054446208097e+00 1.987141845197826129e+01 -3.542323054446208097e+00 -2.968031491993782467e+00 -4.824080033385474309e+00 1.987141845197826129e+01 -4.824080033385474309e+00 -1.352050820692182143e+01
-1.697434566513529219e+01 -1.191974557591874539e+00 2.952334392979095723e-01 -1.191974557591874539e+00 9.360266853671678433e+00 1.776238364680225956e+01 2.952334392979095723e-01 1.776238364680225956e+01 8.565829754264665752e+00
1.344978647170553288e+01 -7.325034566401727787e+00 -1.156086117832695548e+00 -7.325034566401727787e+00 -1.125981813283835953e+00 1.552581430225592252e+00 -1.156086117832695548e+00 1.552581430225592252e+00 2.864952368837879249e+01
-4.642670629142408245e+01 1.236814960611286018e+01 6.028439758878469057e+00 1.236814960611286018e+01 -3.749176905711885155e+01 4.303267621008780353e+00 6.028439758878469057e+00 4.303267621008780353e+00 -2.502884821388026637e+01
1.153051153090832415e+01 -5.906204177129899868e+00 7.302047261584508675e+00 -5.906204177129899868e+00 -1.244199478925138180e+01 3.428418698014048527e+00 7.302047261584508675e+00 3.428418698014048527e+00 -5.576341309689381909e+00
-6.629671013799923740e-01 3.523975908975309213e-01 3.406789722308871227e+00 3.523975908975309213e-01 -8.916170425030196967e+00 -6.948690416968846817e-01 3.406789722308871227e+00 -6.948690416968846817e-01 -2.048649205654847094e+01
-1.680260159022922295e+01 4.344383665960541485e+00 9.672351856882163146e-01 4.344383665960541485e+00 -3.494535896360557814e+01 -7.565723393135924901e+00 9.672351856882163146e-01 -7.565723393135924901e+00 -1.868729445101009645e+01
-1.057981116822783108e+01 9.318332774050533729e+00 -1.306877934115367168e+01 9.318332774050533729e+00 -1.668579001025008779e+01 -1.649358761163389975e+00 -1.306877934115367168e+01 -1.649358761163389975e+00 -5.970539151847066961e+00
-1.526748633320794113e+01 7.675503573255430645e+00 1.469305666910452501e+00 7.675503573255430645e+00 -7.502765216943331872e+00 2.875176418534461220e+01 1.469305666910452501e+00 2.875176418534461220e+01 -2.827370437075934362e+01
1.888997011222737754e+01 -1.147309497693296088e+01 -1.449558224560739994e+01 -1.147309497693296088e+01 -1.613139357024046561e+01 -4.898457811337040724e+00 -1.449558224560739994e+01 -4.898457811337040724e+00 -1.407646487381123812e+01
-1.643645337252353045e+01 -3.648390083632674585e+00 -2.144004079231713877e+00 -3.648390083632674585e+00 1.687086697764776266e+00 5.715809117774826476e+00 -2.144004079231713877e+00 5.715809117774826476e+00 -3.011077110558069236e+01
-1.734397636031145851e+01 8.106097539275902264e+00 -9.612706741135081501e+00 8.106097539275902264e+00 -2.890688604793356475e+01 -1.827946909972076028e+01 -9.612706741135081501e+00 -1.827946909972076028e+01 4.271897964066407205e+00
-2.510410104297156764e+01 1.006558676318910495e+00 -2.925931952404918324e+00 1.006558676318910495e+00 -9.583027876593558148e+00 -6.061127471253016985e+00 -2.925931952404918324e+00 -6.061127471253016985e+00 -7.117566520204192670e+00
-2.221181255051459402e+01 -1.231651997291396627e+00 -2.394904547688055274e+00 -1.231651997291396627e+00 -8.003694440063151561e+00 -7.286686510986685406e+00 -2.394904547688055274e+00 -7.286686510986685406e+00 -1.117200268834740662e+01
-2.363748191177358393e+01 -8.761481220215177501e+00 -5.740063308569895106e+00 -8.761481220215177501e+00 -1.068563400205474778e+01 -5.480764440385304859e+00 -5.740063308569895106e+00 -5.480764440385304859e+00 -2.100973214281221502e+01
-2.828032339486743751e+01 -1.305212889115503039e+00 5.133596476828613753e+00 -1.305212889115503039e+00 -3.069114158731696307e+01 -1.232403619558702346e+01 5.133596476828613753e+00 -1.232403619558702346e+01 -3.402844457014736435e+01
1.634143963743305861e+01 -6.551986264116527181e+00 6.372640087104531226e+00 -6.551986264116527181e+00 -6.335112538210591282e+00 6.025789767618420889e+00 6.372640087104531226e+00 6.025789767618420889e+00 1.463959210218665596e+00
-1.145050126457390860e+01 1.971403689837708839e+01 -2.657293234860603981e+00 1.971403689837708839e+01 -2.863406683172388156e+01 -2.506944329197474453e+00 -2.657293234860603981e+00 -2.506944329197474453e+00 -1.794480692891410101e+01
-1.115338252238528760e+01 6.189938878693839186e+00 -2.490824897460886422e+00 6.189938878693839186e+00 -1.048030340991080278e+00 -9.640187368285642933e+00 -2.490824897460886422e+00 -9.640187368285642933e+00 6.693481605401246703e+00
-2.511645349131661931e+01 8.833835435698523142e+00 -3.098869367417064868e+00 8.833835435698523142e+00 -1.025121486319415176e+01 -3.274878394801778114e+00 -3.098869367417064868e+00 -3.274878394801778114e+00 1.075915356873094808e+01
-5.411098876411767122e+00 1.837150527097375985e+01 5.766006777911952597e+00 1.837150527097375985e+01 1.598260295424317468e+00 -5.473386940288923336e-02 5.766006777911952597e+00 -5.473386940288923336e-02 -8.570108671672747036e+00
-6.060239728193100639e+00 -1.377992401746611861e+01 -1.466168545313407812e+01 -1.377992401746611861e+01 6.195683219476185499e+00 8.910388544223586393e+00 -1.466168545313407812e+01 8.910388544223586393e+00 -2.214178153545940830e+00
4.367122018108343440e+00 -2.662817955894106525e+00 1.319406001743699264e+00 -2.662817955894106525e+00 1.556469819598350623e+00 2.053112020673079741e+00 1.319406001743699264e+00 2.053112020673079741e+00 -1.359312257465971108e+01
-2.647958195281766081e+01 3.311077219020144291e+00 1.597274873304980858e+01 3.311077219020144291e+00 -1.342170613184001127e+01 -3.658727821697302929e-01 1.597274873304980858e+01 -3.658727821697302929e-01 1.211450677596029424e+00
-3.142730779081220760e+01 -1.073375203155823954e+01 -2.735010080788766285e+00 -1.073375203155823954e+01 -2.553009713098457567e+01 -1.381503653232397788e+01 -2.735010080788766285e+00 -1.381503653232397788e+01 3.365685594887735554e+00
-2.644467067152294959e+00 -1.670093916689503688e+00 2.048642721184652871e+01 -1.670093916689503688e+00 2.084065584899819612e+01 -4.884711575301205144e+00 2.048642721184652871e+01 -4.884711575301205144e+00 1.182877894814337871e+01
-2.838404069963304632e+00 -1.004106558344833111e+01 5.686329036800911396e+00 -1.004106558344833111e+01 1.347684932176103523e+01 1.385579419506873045e+01 5.686329036800911396e+00 1.385579419506873045e+01 9.197264750732145444e+00
-6.890004435248880954e-01 1.118521748937875060e+01 1.537037520534677171e+01 1.118521748937875060e+01 -1.666176105023325960e+01 1.526477342529237902e+01 1.537037520534677171e+01 1.526477342529237902e+01 2.197691867495834117e+00
3.035629375526143203e+00 -1.915832064850015470e+01 -1.809517418507669717e+01 -1.915832064850015470e+01 3.700976946529851119e+01 -3.561937910916673555e+00 -1.809517418507669717e+01 -3.561937910916673555e+00 -9.700630136091771050e+00
-1.946974846367540479e+01 2.815860311234013924e+00 -6.379560948070849946e+00 2.815860311234013924e+00 -2.758202116555237993e+01 4.481452692367695612e+00 -6.379560948070849946e+00 4.481452692367695612e+00 -1.641512255294009037e+01
-1.310159505476394060e+01 3.588378355670622355e+00 8.175096404911520731e-02 3.588378355670622355e+00 7.064648648903001593e+00 3.518364621692439353e+00 8.175096404911520731e-02 3.518364621692439353e+00 -6.172462521210024811e+00
-3.357858687825238064e+01 1.044553753215203074e+01 8.243339330765354633e-01 1.044553753215203074e+01 -1.994119793560853671e+00 1.888464458174597027e+01 8.243339330765354633e-01 1.888464458174597027e+01 -3.834738252035211303e+01
-2.087100274337888450e+01 2.077303829965962834e+01 -9.791984471953668390e+00 2.077303829965962834e+01 -1.326494346596940943e+01 -3.259073939671743414e+00 -9.791984471953668390e+00 -3.259073939671743414e+00 -6.354369956457945001e+00
2.638281329961543964e+00 -4.783705981195438106e+00 -2.055552565427826384e+00 -4.783705981195438106e+00 2.160753487362915559e-01 -5.704064377460101198e+00 -2.055552565427826384e+00 -5.704064377460101198e+00 2.425989096284277835e+00
3.767420480902836033e+01 -3.132599271981343136e+00 -2.098473055228895934e+00 -3.132599271981343136e+00 1.433354615626331707e+01 1.406986761677369380e+01 -2.098473055228895934e+00 1.406986761677369380e+01 7.544258813591395274e+00
-1.021201971759268190e+01 1.500606216718182617e+00 -4.242582301322975091e+00 1.500606216718182617e+00 -3.982679933653409776e+00 9.521464313277643754e+00 -4.242582301322975091e+00 9.521464313277643754e+00 -2.599162696541472783e+01
-1.450577974370276202e+01 1.133766361888864616e+01 1.038061389251125455e+01 1.133766361888864616e+01 2.267050709061118496e+01 -2.309978694315899084e+00 1.038061389251125455e+01 -2.309978694315899084e+00 2.895649958822553316e+01
-1.388900004872072280e+01 -1.279668732185185398e+01 -4.568177413391689257e+00 -1.279668732185185398e+01 1.075400838255757030e+01 -2.630966257834154476e+01 -4.568177413391689257e+00 -2.630966257834154476e+01 1.766163730624789707e+01
-9.411115998028160234e+00 -1.166907708467631011e+01 5.829859582882970237e+00 -1.166907708467631011e+01 -3.899502296644756338e+00 9.711426093279904137e+00 5.829859582882970237e+00 9.711426093279904137e+00 1.294034989759598808e+01
-8.319875049281709067e+00 -9.966985173540157561e+00 -4.946362855269655689e+00 -9.966985173540157561e+00 -3.556173171532768684e+00 4.246834429232010377e-01 -4.946362855269655689e+00 4.246834429232010377e-01 -8.972850876027980149e+00
-3.355458332462187343e+01 5.467024070525178026e+00 1.048902777862843472e+01 5.467024070525178026e+00 -3.321312996238538062e+01 1.837071064120058272e+00 1.048902777862843472e+01 1.837071064120058272e+00 -3.748442328597933937e+01
-1.112956273747385794e+01 4.123582849821731955e+00 -1.484088527543959701e+00 4.123582849821731955e+00 1.614184165139614491e+00 6.694107472950471482e+00 -1.484088527543959701e+00 6.694107472950471482e+00 -1.675016123703510607e+00
-1.191953225360835944e+01 4.600371448942831343e+00 1.217546730296399815e+00 4.600371448942831343e+00 -5.410860645461917251e+00 -6.757396347548354498e-01 1.217546730296399815e+00 -6.757396347548354498e-01 1.490641616404410286e+00
6.757860145407999397e+00 -9.202286900670296532e+00 -1.704260178499965583e+00 -9.202286900670296532e+00 4.570975495902159125e+00 8.239808968852385007e+00 -1.704260178499965583e+00 8.239808968852385007e+00 4.614440225065982837e+00
2.446325482404344598e+01 6.526741401123323350e+00 4.648091499283045103e+00 6.526741401123323350e+00 -2.984460417165104573e-01 -3.414086067181234085e+00 4.648091499283045103e+00 -3.414086067181234085e+00 -1.550468359790840900e+01
2.903914038457610758e+01 7.716874580624713431e+00 1.255059083194062275e+01 7.716874580624713431e+00 -7.946072690731565302e+00 -1.170000677399390376e+01 1.255059083194062275e+01 -1.170000677399390376e+01 -1.288563992524903234e+01
-9.859616665001311731e+00 -9.584878945439967435e-01 8.629667603472938708e+00 -9.584878945439967435e-01 -3.723556335520602278e+00 -4.307242252907196089e+00 8.629667603472938708e+00 -4.307242252907196089e+00 -3.203373554577905225e+01
-8.943368588538014308e+00 -7.109660586817294181e+00 -7.477898170476625417e+00 -7.109660586817294181e+00 -5.354110491260333227e+00 9.756096840900875478e+00 -7.477898170476625417e+00 9.756096840900875478e+00 3.212188056212679044e+01
1.353668494791230259e+01 -6.197717226610984120e+00 8.703185578400631783e+00 -6.197717226610984120e+00 -3.946126915134748003e+00 1.890930036421653426e+01 8.703185578400631783e+00 1.890930036421653426e+01 -8.830230058747851274e+00
3.051592925819142010e+01 -8.989956387013517514e+00 9.460695093374491549e+00 -8.989956387013517514e+00 1.178374589134842410e+01 1.204746381510274489e+01 9.460695093374491549e+00 1.204746381510274489e+01 1.006884602458797850e+01
-1.137691354233301588e+01 -5.376963929476611170e+00 -8.630135383419410999e+00 -5.376963929476611170e+00 -1.900233720831372253e+01 1.849518379783905875e+00 -8.630135383419410999e+00 1.849518379783905875e+00 -2.071665520345964850e+01
1.074911557156823783e+01 -7.859730226614745519e+00 1.862959253670610238e+01 -7.859730226614745519e+00 -1.838219551743761926e+01 4.279053917518831796e+00 1.862959253670610238e+01 4.279053917518831796e+00 -1.154717429596118095e+01
7.419261680609325893e+00 -8.868190874855114814e+00 -2.056118767157991689e-01 -8.868190874855114814e+00 -1.458565377554925746e+01 -1.678632546576766771e+01 -2.056118767157991689e-01 -1.678632546576766771e+01 -6.938449519597034154e+00
1.908842319286945477e+00 3.270372115453604955e+00 8.894640399206855008e+00 3.270372115453604955e+00 5.284261365817477518e+00 1.650822918756101387e+01 8.894640399206855008e+00 1.650822918756101387e+01 3.064715255336914357e+00
4.186393376748819861e+01 -2.124723287264567162e+01 5.554231346659509683e+00 -2.124723287264567162e+01 6.245633870457986347e+00 1.490780655754893758e+01 5.554231346659509683e+00 1.490780655754893758e+01 -3.736819314872815045e+00
3.472406086983277618e+01 4.748453309724426141e+00 -4.453852859320111435e+00 4.748453309724426141e+00 1.306592326599654896e+01 -5.958419332795482859e+00 -4.453852859320111435e+00 -5.958419332795482859e+00 -1.449704705636039748e+01
-1.405227960616520022e+01 1.104882795472392587e+01 -1.751408947067698563e+01 1.104882795472392587e+01 -2.916345306454091624e+00 1.832290771478982094e+01 -1.751408947067698563e+01 1.832290771478982094e+01 1.120370551460791475e+01
2.525068750932927841e+01 2.143297027384318909e+01 -2.898666369555694544e+01 2.143297027384318909e+01 2.786491745516136831e+01 -4.824199806596525697e+00 -2.898666369555694544e+01 -4.824199806596525697e+00 -7.621482224379134252e+00
2.462271444922482289e+01 6.104223605917432849e+00 -1.040812545932929822e+01 6.104223605917432849e+00 -9.878347884272745461e+00 9.444270941892721538e+00 -1.040812545932929822e+01 9.444270941892721538e+00 9.158180302345606094e+00
6.188752580758773547e+01 1.581424812452661399e+01 1.045467550086310027e+01 1.581424812452661399e+01 -2.709107553252274148e+00 1.217774466399547251e+01 1.045467550086310027e+01 1.217774466399547251e+01 -3.304220757459675895e+01
-7.553899879563974906e+00 -1.536510696076996041e+01 8.055282827703448945e+00 -1.536510696076996041e+01 1.217298382100792153e+01 2.857810031255939354e+00 8.055282827703448945e+00 2.857810031255939354e+00 -2.258150733485052442e+01
1.449676187151113460e+01 -1.014859179041208748e+01 -1.413487161729155162e+01 -1.014859179041208748e+01 1.526400128806141332e+01 7.798463198214244940e+00 -1.413487161729155162e+01 7.798463198214244940e+00 3.483331566699974502e+01
1.929273063058838167e+00 -1.138191238726395227e+01 -1.191511799862443155e+01 -1.138191238726395227e+01 2.354440923405846320e+01 2.579695742246410628e+00 -1.191511799862443155e+01 2.579695742246410628e+00 1.349049306932400150e+01
-8.312670540836771593e+00 -7.101797563385312095e+00 -6.522288691603453259e+00 -7.101797563385312095e+00 -2.312273525357250836e+00 -2.697031446767277352e+00 -6.522288691603453259e+00 -2.697031446767277352e+00 2.229415057207453899e+01
-8.141080352029815614e+00 1.591907663727198941e+00 2.219904355744495739e+00 1.591907663727198941e+00 -1.539762058884654294e+01 4.228151786157969272e-01 2.219904355744495739e+00 4.228151786157969272e-01 -9.720414907854889819e+00
1.323219052575665877e+01 -3.939064789327947125e+00 6.079611990877401340e+00 -3.939064789327947125e+00 -1.662513761109806154e+01 -1.186479881952443094e+01 6.079611990877401340e+00 -1.186479881952443094e+01 9.031378762154465889e+00
-1.491338802473088165e+01 1.369024872170753682e+01 8.168619044892027503e+00 1.369024872170753682e+01 -5.712628874412572166e+00 1.212124900944966832e+01 8.168619044892027503e+00 1.212124900944966832e+01 -2.524936415832145542e+01
-1.713286132779497350e+01 5.483975907703845243e-01 -5.713274561989044820e+00 5.483975907703845243e-01 2.676660651656492806e+00 -1.210158608441739325e+01 -5.713274561989044820e+00 -1.210158608441739325e+01 -1.078593627054907245e+01
7.066750144478715967e+00 1.287970431033616769e+01 -1.283772242008181053e+01 1.287970431033616769e+01 -3.352205721479112555e+01 -1.038365093124759397e+01 -1.283772242008181053e+01 -1.038365093124759397e+01 -4.132490905490235633e+01
-2.376564051126015986e+00 6.163400445992572863e-01 -2.849698189816634919e+00 6.163400445992572863e-01 -6.401596090654705584e+00 -5.987241829435803631e+00 -2.849698189816634919e+00 -5.987241829435803631e+00 1.803414135163437138e+01
-1.465083532657851428e+01 6.389223475042379086e+00 9.625206468147661454e+00 6.389223475042379086e+00 -9.057555575026116301e+00 3.905930407259757597e+00 9.625206468147661454e+00 3.905930407259757597e+00 -1.074464920745425367e+01
-2.652776751285877754e+00 -7.961257338993271482e+00 1.878816351134370422e+01 -7.961257338993271482e+00 -1.119618363808591788e+01 -1.510985882716792439e+01 1.878816351134370422e+01 -1.510985882716792439e+01 3.961427669156671438e+00
-3.114566317146294239e+01 -3.418151119420701711e+00 1.295822560789835087e+01 -3.418151119420701711e+00 -3.048429702605804437e+01 -1.141426449505066998e+01 1.295822560789835087e+01 -1.141426449505066998e+01 -2.056612704290510507e+01
3.506166516572956304e+00 9.747019205248692586e+00 -9.196424771114886099e+00 9.747019205248692586e+00 2.068417994753626843e+01 2.087099586535000328e-02 -9.196424771114886099e+00 2.087099586535000328e-02 1.550573881602990767e+01
-1.237426550123086422e+01 1.325957462337079384e+01 -5.274188761770512102e+00 1.325957462337079384e+01 -2.062928451969260735e+01 3.559557091567899789e+00 -5.274188761770512102e+00 3.559557091567899789e+00 -6.564915402415582690e+00
-1.379967616982684753e+01 9.155422664080198558e+00 -4.097678376770638842e+00 9.155422664080198558e+00 -6.776432687823109369e+00 -2.804598064148855041e+00 -4.097678376770638842e+00 -2.804598064148855041e+00 -2.030300113900376857e+01
-4.614637913545696080e+01 1.058676482591310730e+01 1.248543691369934727e+01 1.058676482591310730e+01 -3.428078426830120407e+01 1.185754425312779148e+01 1.248543691369934727e+01 1.185754425312779148e+01 -2.068156846884805944e+01
2.561259236586982979e+01 9.823265305865318098e+00 3.293158643593377954e-01 9.823265305865318098e+00 -6.475430579837140321e+00 -1.498681152832152819e+01 3.293158643593377954e-01 -1.498681152832152819e+01 1.455556288633960804e+01
-3.468934760100893300e+01 4.213518457126135708e+00 -1.337711480170850065e+00 4.213518457126135708e+00 -1.460303320187837883e+01 1.850442197188918447e+00 -1.337711480170850065e+00 1.850442197188918447e+00 -2.999607153060174625e+01
3.125549082120384625e+00 6.872982490111108511e+00 3.478634818134773710e+00 6.872982490111108511e+00 1.555987098703832849e+01 3.076150340760498203e+00 3.478634818134773710e+00 3.076150340760498203e+00 6.668731399588700981e+00
-2.604166839291686486e+01 -2.704425300823555811e-01 -6.522280795843259149e+00 -2.704425300823555811e-01 1.820765037110168461e+00 -8.842887029073438043e+00 -6.522280795843259149e+00 -8.842887029073438043e+00 -1.708236785978705186e+01
-4.608709279496714117e+01 5.837925721705256032e-01 -2.345735087318679302e+00 5.837925721705256032e-01 -2.643567357653365235e+01 -9.352969754439854455e+00 -2.345735087318679302e+00 -9.352969754439854455e+00 -2.502006113465489179e+00
-1.813357952582236265e+01 -5.894286214892010989e+00 -2.353106516581513485e+00 -5.894286214892010989e+00 -1.961712562881930921e+01 -1.517245118631096013e+01 -2.353106516581513485e+00 -1.517245118631096013e+01 -1.142703897812095581e+00
-3.875653310186910971e+01 -7.070266771894711866e+00 6.076470605809532799e+00 -7.070266771894711866e+00 -7.102131783598127690e+00 1.871886284756623908e+01 6.076470605809532799e+00 1.871886284756623908e+01 -3.060219000295659519e+00
-5.510646725818554970e+00 -3.156006129132796989e+00 1.049108745338442361e+01 -3.156006129132796989e+00 -2.105506168437096548e+01 1.654661986125200102e+00 1.049108745338442361e+01 1.654661986125200102e+00 -8.357061189535004431e+00
-1.992879130724731596e+01 -6.730664643326759178e-01 -9.008411181771576182e+00 -6.730664643326759178e-01 -1.085690543335305414e+01 -2.257185693104446855e+01 -9.008411181771576182e+00 -2.257185693104446855e+01 -1.599500604917738222e+01
1.545045402957483738e+01 2.654591806866203108e+00 9.433925451148349239e+00 2.654591806866203108e+00 -2.080075112997621645e+01 -5.419646494656624292e+00 9.433925451148349239e+00 -5.419646494656624292e+00 -2.060535211353675322e+01
2.077399126990669842e+01 -1.153753684215214825e+01 1.240244136390726659e+01 -1.153753684215214825e+01 2.430605649868871510e+01 3.310769215402386667e+00 1.240244136390726659e+01 3.310769215402386667e+00 -6.061244545219933721e-01
-1.016910624686116549e+01 2.913483066907158658e+01 2.372244685495786243e+01 2.913483066907158658e+01 3.495459463825287116e+01 -1.690440199039193181e-01 2.372244685495786243e+01 -1.690440199039193181e-01 -1.248391845909782916e+01
2.125408707332388047e+01 -1.383898826059329679e+00 3.935602372235852187e+00 -1.383898826059329679e+00 2.466691771245923093e+01 7.707987592898907003e+00 3.935602372235852187e+00 7.707987592898907003e+00 8.658757269146780899e+00
-1.905825291334300076e+01 -5.556005549500970808e+00 6.320099785823401817e+00 -5.556005549500970808e+00 -3.931777207694096177e+01 -8.179486363417428407e+00 6.320099785823401817e+00 -8.179486363417428407e+00 -1.393159853407000881e+01
-5.898078858777211053e+00 1.966721395366763270e+00 1.125482096244763497e+01 1.966721395366763270e+00 -2.909134485552110050e+01 6.733338287049433823e+00 1.125482096244763497e+01 6.733338287049433823e+00 5.085278125516669689e+00
-1.553890202293021083e+01 1.712278276341480776e+01 1.043511522972143091e+01 1.712278276341480776e+01 2.778457974015843046e+00 1.268731971866672303e+01 1.043511522972143091e+01 1.268731971866672303e+01 -1.762118421823209502e+01
4.380286970783317635e+00 1.122990645369314855e+01 -1.214077101406990522e+01 1.122990645369314855e+01 -3.128695594782735157e+01 -8.724950716447548160e+00 -1.214077101406990522e+01 -8.724950716447548160e+00 -3.821541862976890513e+01
