-2.568161077769778800e+01 -7.198309329842253135e+00 -9.203291380565080004e+00 -7.198309329842253135e+00 -6.632285149260280122e+00 9.401329770163265209e+00 -9.203291380565080004e+00 9.401329770163265209e+00 9.604624536009710667e+00
-5.959964164244563989e+00 9.588767032978870120e+00 2.551783113584302765e+00 9.588767032978870120e+00 -1.753983539706862160e+01 -1.388526745011718688e+00 2.551783113584302765e+00 -1.388526745011718688e+00 -2.863272824448236875e+01
4.597679368668788413e+01 -9.359120158382630006e-01 -1.802966808695351253e-01 -9.359120158382630006e-01 3.936905750345513155e+01 9.998009172490446517e+00 -1.802966808695351253e-01 9.998009172490446517e+00 3.909383442889761540e+01
-7.682880287875120118e+00 -5.093320784731830919e+00 8.500229648681290051e-01 -5.093320784731830919e+00 -6.400508499505680682e+00 1.881108885062406255e+00 8.500229648681290051e-01 1.881108885062406255e+00 -4.655034595714655943e+00
5.024079038760906712e+01 -1.476792829736579904e+01 2.606468489626234231e+00 -1.476792829736579904e+01 4.124570750795935226e+01 -7.477576044585380055e-01 2.606468489626234231e+00 -7.477576044585380055e-01 4.340902414317375246e+01
-6.931658588292526701e+01 -1.110362834230182338e+00 -3.320335358711840712e+00 -1.110362834230182338e+00 -6.140991464498434027e+01 4.300825345456484428e+00 -3.320335358711840712e+00 4.300825345456484428e+00 -6.471437766482939935e+01
-5.471010057417902139e+00 -2.676778978723357127e+00 -3.558688851864980851e+00 -2.676778978723357127e+00 5.004269583614862960e+00 -2.837591708040506422e+00 -3.558688851864980851e+00 -2.837591708040506422e+00 -3.622518432828695012e+00
-2.397665067024016494e+01 -6.370610257480436189e+00 7.332250651642874928e+00 -6.370610257480436189e+00 3.270094400122687262e+01 -4.452414943294946248e+00 7.332250651642874928e+00 -4.452414943294946248e+00 -1.424607084838497073e+01
-5.977842191002967098e+01 -1.569439727401579499e-02 5.526389211586940853e+00 -1.569439727401579499e-02 -6.976957909313122741e+01 2.527657301797563871e+00 5.526389211586940853e+00 2.527657301797563871e+00 -6.900014332912259363e+01
-4.278203353166300360e+01 2.131598445565168642e+00 -3.627425371818414401e+00 2.131598445565168642e+00 -3.413093133441132920e+01 -2.092538219189616022e+00 -3.627425371818414401e+00 -2.092538219189616022e+00 -2.707521051442749638e+01
4.949831347560608208e+01 -7.861252067018874357e+00 2.695884628134964434e+00 -7.861252067018874357e+00 6.215547424863219561e+01 -4.882748361239846346e+00 2.695884628134964434e+00 -4.882748361239846346e+00 4.709628227134179923e+01
-1.296019692895619180e+01 5.041947979337561669e+00 -1.488677018006943742e+00 5.041947979337561669e+00 -2.245065214889605087e+01 7.872622758723496261e+00 -1.488677018006943742e+00 7.872622758723496261e+00 -7.585951871553974435e+00
-2.256056277267805044e+01 -1.630650154662595552e+00 -3.955227989918472353e+00 -1.630650154662595552e+00 -3.568510014146477971e+01 5.880567707301369573e+00 -3.955227989918472353e+00 5.880567707301369573e+00 -2.578717997750892721e+01
7.777555928530645701e+01 -7.328274787647521826e+00 -8.677960534821446359e+00 -7.328274787647521826e+00 9.726619765170664778e+01 1.090719894028369019e+01 -8.677960534821446359e+00 1.090719894028369019e+01 1.075687977423983313e+02
-5.198157170563489160e+01 -6.568351215194073944e+00 -2.008992194192138481e+00 -6.568351215194073944e+00 -5.320820849874597513e+01 5.540912615563166277e+00 -2.008992194192138481e+00 5.540912615563166277e+00 -6.793463124488184235e+01
4.882922980853651040e+01 -1.406431876308970708e+01 -7.353264134840027388e+00 -1.406431876308970708e+01 5.498921653231906248e+01 2.097186843237616394e+00 -7.353264134840027388e+00 2.097186843237616394e+00 5.464877007942997977e+01
-6.741133938925679558e+01 9.421627163438776265e+00 2.663021676441413438e-02 9.421627163438776265e+00 -7.590897610673980012e+01 2.203651394055888280e-01 2.663021676441413438e-02 2.203651394055888280e-01 -6.639022631269342867e+01
-1.787041112798461029e+01 -2.441155491812766254e+00 1.128977658399748663e+01 -2.441155491812766254e+00 -1.761205263588636072e+01 -1.029991918609614210e+01 1.128977658399748663e+01 -1.029991918609614210e+01 1.039686312702869131e+01
-1.861738980378615693e+01 4.375918423682641389e+00 -7.467458030905515187e+00 4.375918423682641389e+00 -1.728307097403231296e+01 -3.411616383339505454e+00 -7.467458030905515187e+00 -3.411616383339505454e+00 -6.872362498304753764e+00
4.799940163039153163e+01 2.839394516328444862e+00 7.406579196550556965e+00 2.839394516328444862e+00 4.301705298628954210e+01 -2.980927542027298482e-01 7.406579196550556965e+00 -2.980927542027298482e-01 6.557717171248904720e+01
-4.544826927317205900e+01 6.056001105094601655e-01 6.106506176287456178e+00 6.056001105094601655e-01 -3.386653306126944329e+01 -5.390386717655680116e+00 6.106506176287456178e+00 -5.390386717655680116e+00 -4.149703648178017801e+01
-8.045252737776372953e+01 -9.228635801305081765e-01 1.926349799017571529e+00 -9.228635801305081765e-01 -7.162296277043280668e+01 7.305727156978970349e+00 1.926349799017571529e+00 7.305727156978970349e+00 -6.636599009379519032e+01
-6.681676429299368181e+01 -5.131861929316129611e+00 -1.335192533906989221e+00 -5.131861929316129611e+00 -6.962598145049493326e+01 6.659224208771912235e-01 -1.335192533906989221e+00 6.659224208771912235e-01 -6.285829195650904211e+01
-7.712466967236736082e+01 -1.186345887596994331e+00 -1.586644126385006626e+00 -1.186345887596994331e+00 -7.134653258468574677e+01 5.200021009342845169e+00 -1.586644126385006626e+00 5.200021009342845169e+00 -8.059633208966148743e+01
5.227860369614558778e+01 -5.290848365798701103e+00 -1.814435555230625718e+00 -5.290848365798701103e+00 6.284874742712571560e+01 5.661247744338372634e+00 -1.814435555230625718e+00 5.661247744338372634e+00 6.097982529639566707e+01
4.875055631882685248e+01 5.772651914317695976e+00 4.339652577709441239e+00 5.772651914317695976e+00 4.598440877675586336e+01 -6.890541728717271219e+00 4.339652577709441239e+00 -6.890541728717271219e+00 4.111493473098957452e+01
-8.607639834812826507e+01 -6.886012905179563770e-01 3.998969310959752388e+00 -6.886012905179563770e-01 -7.543725534868110572e+01 1.723020810146904003e+00 3.998969310959752388e+00 1.723020810146904003e+00 -7.840204857844513242e+01
-2.867195772890639915e+01 -2.887999807601824731e+00 1.319715610263588967e+00 -2.887999807601824731e+00 -2.912102510138907974e+01 -1.255589495751850393e+01 1.319715610263588967e+00 -1.255589495751850393e+01 -3.880127926920149406e+01
-3.387348066964241866e+01 4.982161733830754891e+00 -4.425707939831746707e+00 4.982161733830754891e+00 -2.787226695988649539e+01 -9.194161032867118610e-01 -4.425707939831746707e+00 -9.194161032867118610e-01 -4.687214681985982168e+01
-7.938329020963479365e+01 -4.259652954598977637e+00 4.914645471622711703e+00 -4.259652954598977637e+00 -7.944123169182515198e+01 -4.467561144753190439e-01 4.914645471622711703e+00 -4.467561144753190439e-01 -7.019407435220129798e+01
-6.860336973533129878e+01 1.009544270669813004e+00 4.616970551969345138e+00 1.009544270669813004e+00 -7.060082239638269641e+01 -5.334028490037976411e+00 4.616970551969345138e+00 -5.334028490037976411e+00 -6.500548834196787595e+01
8.123122727599701420e+01 -2.361450566423854092e+00 -8.749735135629114424e+00 -2.361450566423854092e+00 8.067708045035610098e+01 7.178887664912462441e+00 -8.749735135629114424e+00 7.178887664912462441e+00 7.246610629758329480e+01
-6.185625706353676634e+01 -7.604986361610014400e-01 -3.945976128244778725e+00 -7.604986361610014400e-01 -7.327351195724901345e+01 -3.314377213021138857e+00 -3.945976128244778725e+00 -3.314377213021138857e+00 -7.111450968008068685e+01
3.447099919303773419e+01 -3.025635442153207233e+00 -1.541535163712176804e+01 -3.025635442153207233e+00 5.275442850656467186e+01 -2.663462260561943573e+00 -1.541535163712176804e+01 -2.663462260561943573e+00 5.306727180770135277e+01
-6.429533102294766422e+01 1.351030851382869535e+01 1.225402461374541119e+00 1.351030851382869535e+01 -6.788043658407977432e+01 -3.893610323512515237e+00 1.225402461374541119e+00 -3.893610323512515237e+00 -7.934430337236437936e+01
-8.178862683896463182e+01 -2.747523549672641341e+00 -1.622955855136423597e+00 -2.747523549672641341e+00 -8.455683634619752809e+01 -3.244878035401651317e+00 -1.622955855136423597e+00 -3.244878035401651317e+00 -6.975640163920517978e+01
-2.143094663521804577e+01 -5.392968754165831768e+00 1.671383221266885766e+00 -5.392968754165831768e+00 -1.485437047378768227e+01 7.790076340698944612e+00 1.671383221266885766e+00 7.790076340698944612e+00 -1.418952723111567593e+01
4.732853753586308443e+00 -6.297483020868831716e+00 -1.107181733087371889e+00 -6.297483020868831716e+00 -2.365215871741981335e+00 1.664251659508618753e+00 -1.107181733087371889e+00 1.664251659508618753e+00 -4.833813394802024987e+00
-2.142912581031335861e+01 -2.183191668444242950e+00 4.057045779418585241e+00 -2.183191668444242950e+00 -1.257178947920499823e+01 -1.454246512026250882e+00 4.057045779418585241e+00 -1.454246512026250882e+00 -1.510703278413786421e+01
-8.320029752763211661e+01 -1.863601318304727306e+00 -2.486338251903660534e+00 -1.863601318304727306e+00 -7.543232788170399772e+01 1.099163365959366923e+00 -2.486338251903660534e+00 1.099163365959366923e+00 -7.527790606794482642e+01
1.012771110137008179e+01 -2.551579990688031874e+00 2.583398698259900872e+00 -2.551579990688031874e+00 3.627388313889526206e+00 4.598753949804969210e+00 2.583398698259900872e+00 4.598753949804969210e+00 -4.603574096180568231e-01
-8.987037998851755560e+01 -5.551540431710399126e+00 -3.537409328823130306e+00 -5.551540431710399126e+00 -7.959333578196751091e+01 -1.217432741754723935e+00 -3.537409328823130306e+00 -1.217432741754723935e+00 -7.460253234975220948e+01
-7.083433208986708962e+01 -1.783100884421842336e+00 -1.563434386985549374e-01 -1.783100884421842336e+00 -5.785188748850971052e+01 8.080052592284884483e+00 -1.563434386985549374e-01 8.080052592284884483e+00 -7.500648269130745405e+01
4.186316109866201884e+01 -4.023958976184045078e+00 -3.789614643240058811e+00 -4.023958976184045078e+00 5.269317790445109040e+01 2.570055848125714970e+00 -3.789614643240058811e+00 2.570055848125714970e+00 4.277187648703824152e+01
-8.508845706326860636e+01 -1.275462506818198838e+00 4.251852311422000597e+00 -1.275462506818198838e+00 -8.286565229281934819e+01 4.349107538571730380e+00 4.251852311422000597e+00 4.349107538571730380e+00 -8.295348116339629030e+01
-5.435651409653774024e+00 8.447334784636158389e+00 -6.463143878757287020e+00 8.447334784636158389e+00 -2.986449819071954437e+01 -1.891354626483430668e+00 -6.463143878757287020e+00 -1.891354626483430668e+00 -2.951772638617574174e+01
-7.448159219418360522e+01 -2.770350611747540714e+00 7.838233469910506734e+00 -2.770350611747540714e+00 -7.443219301700942481e+01 -1.254911098663280544e+00 7.838233469910506734e+00 -1.254911098663280544e+00 -7.453434578043302849e+01
8.234905956558030482e+01 -4.685071150159821229e+00 4.697533436702081566e+00 -4.685071150159821229e+00 7.493613690483248035e+01 -1.276237494905949532e+01 4.697533436702081566e+00 -1.276237494905949532e+01 6.781107887821208635e+01
7.861461473092106189e+01 7.404512440538877804e+00 4.362490350853148513e+00 7.404512440538877804e+00 4.982069044736044816e+01 5.456993943836955907e+00 4.362490350853148513e+00 5.456993943836955907e+00 8.178898272303173655e+01
1.107110203942367974e+02 1.593421826277663556e+01 -1.644739334799091779e+01 1.593421826277663556e+01 1.226607051314687737e+02 -8.802883770756647408e+00 -1.644739334799091779e+01 -8.802883770756647408e+00 1.348980788116996905e+02
9.051764338256333531e+01 8.535845671803361512e+00 -1.910375078414931949e+01 8.535845671803361512e+00 7.869661925297565119e+01 1.480076217619546419e+01 -1.910375078414931949e+01 1.480076217619546419e+01 7.054952524534789404e+01
-3.612413571569445736e+01 3.399819972901835907e+00 -1.203100540995762735e+01 3.399819972901835907e+00 -4.794078997930366626e+01 -3.778534673531989796e+00 -1.203100540995762735e+01 -3.778534673531989796e+00 -2.579708179999393991e+01
6.254972724088529645e+01 -1.461145076471100701e+01 -2.943186897613317310e+00 -1.461145076471100701e+01 7.218779462366192945e+01 1.635446916434419151e+01 -2.943186897613317310e+00 1.635446916434419151e+01 8.290402902727132073e+01
7.697574520759701500e+01 -2.014304400107082227e+00 5.361876536632765422e+00 -2.014304400107082227e+00 8.172306459671223422e+01 -9.151437850510930616e+00 5.361876536632765422e+00 -9.151437850510930616e+00 6.555992010323238617e+01
-2.377639676787374867e+01 -4.810821994644474131e+00 5.402016467374731734e-01 -4.810821994644474131e+00 -2.503481892297434896e+00 4.482169860231591585e+00 5.402016467374731734e-01 4.482169860231591585e+00 2.131846303565347966e+01
6.861953589723516700e+01 -8.800342716058906944e+00 5.671410604642188602e+00 -8.800342716058906944e+00 8.321665252901941301e+01 -6.145694665624938047e+00 5.671410604642188602e+00 -6.145694665624938047e+00 6.468703191216403070e+01
-8.515980264024167923e+01 4.959241547108163672e+00 6.619435673926478136e-01 4.959241547108163672e+00 -5.026729398702598672e+01 5.598987579749422849e+00 6.619435673926478136e-01 5.598987579749422849e+00 -7.257145310504051849e+01
7.547594232351291055e+01 -1.387896616032177377e+01 6.004523246323601349e+00 -1.387896616032177377e+01 8.148798861987320663e+01 -1.403137588213139253e+01 6.004523246323601349e+00 -1.403137588213139253e+01 7.667737935089586188e+01
7.326012072366806649e+01 -7.653558645456097764e+00 -6.130892684009221938e+00 -7.653558645456097764e+00 7.083293600748909569e+01 5.386993664904422552e+00 -6.130892684009221938e+00 5.386993664904422552e+00 6.551977480947334698e+01
7.985107935007177105e+01 -2.458720973536598819e+01 1.483489561055542971e+00 -2.458720973536598819e+01 7.580332092414330702e+01 9.232393548113494219e+00 1.483489561055542971e+00 9.232393548113494219e+00 7.891191371091449014e+01
7.795307253402150138e+01 -1.825481896569010942e+01 -6.917921911664921097e+00 -1.825481896569010942e+01 6.481989606924979341e+01 -5.289208683417182755e+00 -6.917921911664921097e+00 -5.289208683417182755e+00 5.752864359564379981e+01
-7.122649546408167964e+01 1.253768780906524327e+01 1.129306940249327873e+01 1.253768780906524327e+01 -7.352643669535927984e+01 -8.002899736231212202e+00 1.129306940249327873e+01 -8.002899736231212202e+00 -6.914309725818661434e+01
7.220775807169641780e+01 -7.393715132930676504e+00 3.117914497034547150e+00 -7.393715132930676504e+00 5.382447729620126609e+01 8.532868752396666423e+00 3.117914497034547150e+00 8.532868752396666423e+00 6.603535725334047868e+01
9.692345710059012731e+01 -2.161044296419962762e+01 -1.378768597032212995e+01 -2.161044296419962762e+01 9.117120379206822633e+01 4.125778790674463181e+00 -1.378768597032212995e+01 4.125778790674463181e+00 8.707642584568340283e+01
7.972022454359354526e+01 -3.394667873164462168e+00 -1.441938720321542178e+01 -3.394667873164462168e+00 6.914728902590810833e+01 1.114923936467502052e+01 -1.441938720321542178e+01 1.114923936467502052e+01 1.054059249640255729e+02
7.495062410191644631e+01 1.146471596091614131e+01 -1.941201465330937292e+00 1.146471596091614131e+01 9.516009594298051866e+01 -1.336081868524267469e+00 -1.941201465330937292e+00 -1.336081868524267469e+00 9.684464041100112297e+01
5.138197814441039668e+01 -4.929077227987624710e+00 -1.115349415632168295e+01 -4.929077227987624710e+00 4.386737551215363595e+01 1.006120941113425715e+01 -1.115349415632168295e+01 1.006120941113425715e+01 6.916020077573770664e+01
-4.070530097955420246e+01 6.577108341004293202e+00 1.876523731811061024e+00 6.577108341004293202e+00 -3.983859409320385225e+01 -2.407780660863124197e-03 1.876523731811061024e+00 -2.407780660863124197e-03 -4.862311703939710839e+01
-3.246066993148894397e+01 2.835092326262999229e+00 -6.714689144239025076e+00 2.835092326262999229e+00 -4.772386857530859317e+01 -3.777727647586442750e+00 -6.714689144239025076e+00 -3.777727647586442750e+00 -3.706653563711318355e+01
-1.330510115252907788e+01 -2.455084321308146578e+00 -3.293298334382018577e+00 -2.455084321308146578e+00 -8.926394253346186858e+00 -1.225658564836696884e+00 -3.293298334382018577e+00 -1.225658564836696884e+00 -8.381774495924391388e+00
