2.564860483595470253e+00 -7.157042610928578519e+00 -9.205753603291723763e+00 -7.157042610928578519e+00 2.162784346195994800e+01 9.385702012216215806e+00 -9.205753603291723763e+00 9.385702012216215806e+00 3.781817386902243783e+01
2.220584558478450177e+01 9.580244442211943934e+00 2.549745149590918025e+00 9.580244442211943934e+00 1.064248970716711895e+01 -1.403089213192559637e+00 2.549745149590918025e+00 -1.403089213192559637e+00 -4.331236426304265197e-01
7.945200103502038758e+01 -9.350828810039680805e-01 -1.925157078386319220e-01 -9.350828810039680805e-01 7.281977055009240019e+01 9.986628030313918103e+00 -1.925157078386319220e-01 9.986628030313918103e+00 7.256969025209052404e+01
2.581463941247042015e+01 -5.088886884074966588e+00 8.437042595203668727e-01 -5.088886884074966588e+00 2.710041690792856883e+01 1.875045200220478492e+00 8.437042595203668727e-01 1.875045200220478492e+00 2.883737928658532823e+01
8.365412333999013583e+01 -1.476591903503961589e+01 2.589920614584520386e+00 -1.476591903503961589e+01 7.469065987511675075e+01 -7.676229637962185270e-01 2.589920614584520386e+00 -7.676229637962185270e-01 7.685322884070170346e+01
-4.867897096577202376e+01 -1.149704214913565892e+00 -2.686049468826314790e+00 -1.149704214913565892e+00 -4.140604762882122003e+01 4.034170358234429266e+00 -2.686049468826314790e+00 4.034170358234429266e+00 -4.515502239077126490e+01
2.802692070847968608e+01 -2.676039464895565878e+00 -3.549887990572150098e+00 -2.676039464895565878e+00 3.849525996780116799e+01 -2.842933984976105943e+00 -3.549887990572150098e+00 -2.842933984976105943e+00 2.987741956806063115e+01
4.327468260354013552e+00 -6.362657753026441654e+00 7.343522843212840101e+00 -6.362657753026441654e+00 6.096015427705144418e+01 -4.445032198428455317e+00 7.343522843212840101e+00 -4.445032198428455317e+00 1.400828750954002544e+01
-4.065168360594221042e+01 8.154024066734835707e-02 5.642017516163396529e+00 8.154024066734835707e-02 -5.147621503735744852e+01 2.613792587460654460e+00 5.642017516163396529e+00 2.613792587460654460e+00 -5.016959780356700094e+01
-1.450621568292897301e+01 2.099945580620590668e+00 -3.612092165080968087e+00 2.099945580620590668e+00 -5.798564291973729468e+00 -2.106689539387291088e+00 -3.612092165080968087e+00 -2.106689539387291088e+00 1.228577904293564949e+00
8.300301982333175488e+01 -7.850716159869355337e+00 2.695516426540758292e+00 -7.850716159869355337e+00 9.560013682416902725e+01 -4.890985213281015653e+00 2.695516426540758292e+00 -4.890985213281015653e+00 8.053644760645318001e+01
1.536596109937416976e+01 5.023624181043719439e+00 -1.487519528109751077e+00 5.023624181043719439e+00 5.773477331969388615e+00 7.845559368243401721e+00 -1.487519528109751077e+00 7.845559368243401721e+00 2.069347027316850074e+01
5.305421293480799605e+00 -1.618159789987595465e+00 -3.913977012306419478e+00 -1.618159789987595465e+00 -7.721959826131442384e+00 5.887644894155181774e+00 -3.913977012306419478e+00 5.887644894155181774e+00 2.090268957617540391e+00
1.112137301679829449e+02 -7.333017149220744102e+00 -8.669492981111170948e+00 -7.333017149220744102e+00 1.306708667362638892e+02 1.087959888453454127e+01 -8.669492981111170948e+00 1.087959888453454127e+01 1.409600112345841865e+02
-2.366506167641455249e+01 -6.572563452342768286e+00 -2.004806262284179130e+00 -6.572563452342768286e+00 -2.484631286495817903e+01 5.571697322724650903e+00 -2.004806262284179130e+00 5.571697322724650903e+00 -3.959000052000806846e+01
8.224604632087823575e+01 -1.404465719982506400e+01 -7.336622696565465951e+00 -1.404465719982506400e+01 8.840326163352042954e+01 2.080295911798207165e+00 -7.336622696565465951e+00 2.080295911798207165e+00 8.810932230970162493e+01
-4.556049937302415032e+01 9.592139444793568615e+00 3.414666515754731235e-01 9.592139444793568615e+00 -5.547318828823267722e+01 6.001602341567999904e-02 3.414666515754731235e-01 6.001602341567999904e-02 -4.566136957361641180e+01
1.043743429335875383e+01 -2.488120766597656797e+00 1.125510636415378229e+01 -2.488120766597656797e+00 1.059737061761016541e+01 -1.029540947807549678e+01 1.125510636415378229e+01 -1.029540947807549678e+01 3.861385871564591810e+01
9.709388605431900743e+00 4.368388863097981023e+00 -7.482761789935097774e+00 4.368388863097981023e+00 1.095700012491342079e+01 -3.403419323942124208e+00 -7.482761789935097774e+00 -3.403419323942124208e+00 2.142650840373855559e+01
8.141643298988731203e+01 2.851845913600079108e+00 7.398152707949723350e+00 2.851845913600079108e+00 7.645305119579377617e+01 -2.879816618427348263e-01 7.398152707949723350e+00 -2.879816618427348263e-01 9.897076228910171380e+01
-1.716927376335528521e+01 5.919442426529606394e-01 6.112271438096748000e+00 5.919442426529606394e-01 -5.538281306250246949e+00 -5.397452364100644218e+00 6.112271438096748000e+00 -5.397452364100644218e+00 -1.320685707176262902e+01
-6.199904299753978876e+01 -8.866119231589922878e-01 2.288253702241162202e+00 -8.866119231589922878e-01 -5.359651116522443459e+01 7.741993518536448349e+00 2.288253702241162202e+00 7.741993518536448349e+00 -4.659214723648040746e+01
-3.890669834375808023e+01 -5.042561277696582245e+00 -1.406831838274840374e+00 -5.042561277696582245e+00 -4.180364706101492089e+01 6.913312426303186431e-01 -1.406831838274840374e+00 6.913312426303186431e-01 -3.494704068462550595e+01
-4.875198105725321795e+01 -1.168001193152874428e+00 -1.554537402756239972e+00 -1.168001193152874428e+00 -4.295173595336216010e+01 5.191597961243129333e+00 -1.554537402756239972e+00 5.191597961243129333e+00 -5.222387958006915198e+01
8.570383753092983170e+01 -5.281556197955556087e+00 -1.816756533150516217e+00 -5.281556197955556087e+00 9.629178469329583834e+01 5.649847115799050634e+00 -1.816756533150516217e+00 5.649847115799050634e+00 9.437657764377775038e+01
8.223254071701316548e+01 5.765396827876321240e+00 4.346156933714492077e+00 5.765396827876321240e+00 7.940393196841208123e+01 -6.884515467844263270e+00 4.346156933714492077e+00 -6.884515467844263270e+00 7.458613425192845625e+01
-6.496071116363046372e+01 -3.366172912404368778e-01 3.723607091462797669e+00 -3.366172912404368778e-01 -5.449650978290166847e+01 2.233996679953249132e+00 3.723607091462797669e+00 2.233996679953249132e+00 -5.759980724183688494e+01
-3.437306492073560205e-01 -2.865624735637583687e+00 1.346954828032453921e+00 -2.865624735637583687e+00 -7.694011884351292796e-01 -1.255888411120846015e+01 1.346954828032453921e+00 -1.255888411120846015e+01 -1.058040728189412150e+01
-5.626208240398329785e+00 4.948929043817358320e+00 -4.427123454271272074e+00 4.948929043817358320e+00 4.630466021420547862e-01 -9.306057668965790342e-01 -4.427123454271272074e+00 -9.306057668965790342e-01 -1.855289148737404048e+01
-5.739341378778394898e+01 -4.617140075562319979e+00 4.755410574240136690e+00 -4.617140075562319979e+00 -5.818568817701898155e+01 -8.802464757084478286e-01 4.755410574240136690e+00 -8.802464757084478286e-01 -4.958747512550949210e+01
-5.045422663831286769e+01 -4.905115258935944383e-02 3.775655631848269689e+00 -4.905115258935944383e-02 -5.231653440328894789e+01 -5.503785369712109521e+00 3.775655631848269689e+00 -5.503785369712109521e+00 -4.703308352700676664e+01
1.146402345882866456e+02 -2.387111794763235206e+00 -8.722125605666246173e+00 -2.387111794763235206e+00 1.141104507178573897e+02 7.156215782855743335e+00 -8.722125605666246173e+00 7.156215782855743335e+00 1.059086888257723160e+02
-3.925650988612235892e+01 -8.973625543720582520e-01 -3.981290457692539864e+00 -8.973625543720582520e-01 -5.084591223755723632e+01 -3.087959339983155971e+00 -3.981290457692539864e+00 -3.087959339983155971e+00 -4.844346388736353504e+01
6.798654462797908593e+01 -3.014225043657687397e+00 -1.541822377831331714e+01 -3.014225043657687397e+00 8.619592727853813585e+01 -2.673130416877876669e+00 -1.541822377831331714e+01 -2.673130416877876669e+00 8.651527929027297148e+01
-4.135874997456588176e+01 1.342421468460401357e+01 1.098175243354707842e+00 1.342421468460401357e+01 -4.541337494662543861e+01 -3.970677289659402920e+00 1.098175243354707842e+00 -3.970677289659402920e+00 -5.663811548924378059e+01
-6.097347013277252614e+01 -3.109632226181718639e+00 -1.135894603280264814e+00 -3.109632226181718639e+00 -6.365989437113094596e+01 -3.073222791487863148e+00 -1.135894603280264814e+00 -3.073222791487863148e+00 -4.883802287002369269e+01
6.897115122238400176e+00 -5.389511573439621728e+00 1.655418607070405113e+00 -5.389511573439621728e+00 1.341617140066362168e+01 7.803765202744269658e+00 1.655418607070405113e+00 7.803765202744269658e+00 1.403349417652435172e+01
3.823591887040610970e+01 -6.301955291150359351e+00 -1.109789868243034938e+00 -6.301955291150359351e+00 3.112406661809369268e+01 1.673862270448008616e+00 -1.109789868243034938e+00 1.673862270448008616e+00 2.866330716889099151e+01
1.209706052477185700e+01 -2.181207015470085775e+00 4.053798582748590285e+00 -2.181207015470085775e+00 2.092369656284761703e+01 -1.453623435590416957e+00 4.053798582748590285e+00 -1.453623435590416957e+00 1.840196945832811792e+01
-6.651060481447002815e+01 -1.189994069155792422e+00 -2.295292894039436149e+00 -1.189994069155792422e+00 -5.645134570731827495e+01 1.793538286713223684e+00 -2.295292894039436149e+00 1.793538286713223684e+00 -5.945376876429558877e+01
4.361045538139875788e+01 -2.543085263285205233e+00 2.590368880846635857e+00 -2.543085263285205233e+00 3.712731278856791306e+01 4.600747751513493355e+00 2.590368880846635857e+00 4.600747751513493355e+00 3.303281189329660350e+01
-6.890660829344970750e+01 -6.160205902556609381e+00 -3.413992816373693895e+00 -6.160205902556609381e+00 -5.899498652678830979e+01 -1.152432373864698212e+00 -3.413992816373693895e+00 -1.152432373864698212e+00 -5.397867970403632398e+01
-5.144208090909842213e+01 -1.287847610703918733e+00 6.366834746843668125e-01 -1.287847610703918733e+00 -3.702981294404600021e+01 7.907893275100383867e+00 6.366834746843668125e-01 7.907893275100383867e+00 -5.529654135735408005e+01
7.534171016440140534e+01 -4.015768288312656864e+00 -3.796117010011031745e+00 -4.015768288312656864e+00 8.613783272261386514e+01 2.566898345062008424e+00 -3.796117010011031745e+00 2.566898345062008424e+00 7.621864242583711757e+01
-6.243982391270615295e+01 -1.388018804224183000e+00 4.259373429052487836e+00 -1.388018804224183000e+00 -6.046364554100762945e+01 4.587681030495451395e+00 4.259373429052487836e+00 4.587681030495451395e+00 -6.121791906237705660e+01
2.285970673347163995e+01 8.427103217489696263e+00 -6.471972449122515236e+00 8.427103217489696263e+00 -1.587739343239409129e+00 -1.881293477030129058e+00 -6.471972449122515236e+00 -1.881293477030129058e+00 -1.251679123245707403e+00
-5.438927607312465540e+01 -3.033524991877706967e+00 7.682007395119124560e+00 -3.033524991877706967e+00 -5.353132923407722643e+01 -1.126656919567946336e+00 7.682007395119124560e+00 -1.126656919567946336e+00 -5.442356555946170715e+01
1.157488634990978511e+02 -4.671906881787165844e+00 4.690337029239316280e+00 -4.671906881787165844e+00 1.083668818478724774e+02 -1.276614124847194454e+01 4.690337029239316280e+00 -1.276614124847194454e+01 1.012376098143054435e+02
1.120229028177119517e+02 7.403796698552004507e+00 4.343677146729412186e+00 7.403796698552004507e+00 8.324969909838297610e+01 5.464494604681084056e+00 4.343677146729412186e+00 5.464494604681084056e+00 1.152238648239981558e+02
1.441186857043999225e+02 1.593421656057305924e+01 -1.644720769082869083e+01 1.593421656057305924e+01 1.560641705650425877e+02 -8.830198906156486061e+00 -1.644720769082869083e+01 -8.830198906156486061e+00 1.683027861482118794e+02
1.239388837478679903e+02 8.532268769197051128e+00 -1.907925765601506995e+01 8.532268769197051128e+00 1.121077992394829437e+02 1.476040331269007666e+01 -1.907925765601506995e+01 1.476040331269007666e+01 1.039769173978296379e+02
-7.843711656054569659e+00 3.377134532785314835e+00 -1.203492093580235078e+01 3.377134532785314835e+00 -1.960439116801728687e+01 -3.734225777372594646e+00 -1.203492093580235078e+01 -3.734225777372594646e+00 2.494082034011012805e+00
9.597645304269748578e+01 -1.459665236836302071e+01 -2.950200262899988601e+00 -1.459665236836302071e+01 1.056081289691025944e+02 1.633143417255170959e+01 -2.950200262899988601e+00 1.633143417255170959e+01 1.163470283849706135e+02
1.103810595085040376e+02 -2.001539145141555398e+00 5.355952705923650470e+00 -2.001539145141555398e+00 1.151477795093823033e+02 -9.154259947916408180e+00 5.355952705923650470e+00 -9.154259947916408180e+00 9.897456090134214435e+01
4.437971414563895323e+00 -4.762239803767094770e+00 5.276829316303845996e-01 -4.762239803767094770e+00 2.573629672300662108e+01 4.457371132731822172e+00 5.276829316303845996e-01 4.457371132731822172e+00 4.948095352780082123e+01
1.020284650902987806e+02 -8.784908704305051330e+00 5.666769544044862883e+00 -8.784908704305051330e+00 1.166346132655301204e+02 -6.146159055427857787e+00 5.666769544044862883e+00 -6.146159055427857787e+00 9.808652023943641041e+01
-7.122115843039927086e+01 4.656300504065734813e+00 -7.238805638984423529e-01 4.656300504065734813e+00 -3.796399266675334871e+01 5.744678057576281027e+00 -7.238805638984423529e-01 5.744678057576281027e+00 -6.114981310776754952e+01
1.088846975537874897e+02 -1.385949169517986945e+01 6.015579739458199349e+00 -1.385949169517986945e+01 1.148959966251774887e+02 -1.399708672274505261e+01 6.015579739458199349e+00 -1.399708672274505261e+01 1.100812984119644682e+02
1.066554149854701450e+02 -7.666830406927336306e+00 -6.101064315775062141e+00 -7.666830406927336306e+00 1.042595187823836653e+02 5.375780869662291295e+00 -6.101064315775062141e+00 5.375780869662291295e+00 9.895086260144989865e+01
1.132698579404558075e+02 -2.454717965037824001e+01 1.479863375276575077e+00 -2.454717965037824001e+01 1.092288736351831488e+02 9.203229038227371817e+00 1.479863375276575077e+00 9.203229038227371817e+00 1.123298826449281620e+02
1.113143070519866598e+02 -1.822643654075113773e+01 -6.906713431986265306e+00 -1.822643654075113773e+01 9.821699983396915457e+01 -5.284533837087467489e+00 -6.906713431986265306e+00 -5.284533837087467489e+00 9.093342759671467945e+01
-5.102980892633701160e+01 1.240403698488244011e+01 1.176697507688723121e+01 1.240403698488244011e+01 -5.411064246581916848e+01 -8.324010412449110774e+00 1.176697507688723121e+01 -8.324010412449110774e+00 -4.856711561420719647e+01
1.056657211687894176e+02 -7.366577410842408469e+00 3.132842270495335146e+00 -7.366577410842408469e+00 8.728610062430630023e+01 8.530556387947456187e+00 3.132842270495335146e+00 8.530556387947456187e+00 9.946732320626266244e+01
1.303150590221800655e+02 -2.161330701835604984e+01 -1.375700063865299327e+01 -2.161330701835604984e+01 1.245804742369892892e+02 4.122960172831429126e+00 -1.375700063865299327e+01 4.122960172831429126e+00 1.204362800304623420e+02
1.131486600168829000e+02 -3.386735855535245143e+00 -1.438291375957013507e+01 -3.386735855535245143e+00 1.025660946186491884e+02 1.112051238383337548e+01 -1.438291375957013507e+01 1.112051238383337548e+01 1.388169150214832257e+02
1.083790803624405470e+02 1.145669517802859438e+01 -1.935772602872919190e+00 1.145669517802859438e+01 1.286102775292305012e+02 -1.358414130302021849e+00 -1.935772602872919190e+00 -1.358414130302021849e+00 1.302652577235665490e+02
8.484047047139297604e+01 -4.919988970750932999e+00 -1.112371386145738228e+01 -4.919988970750932999e+00 7.730732046278025393e+01 1.004251721098696670e+01 -1.112371386145738228e+01 1.004251721098696670e+01 1.026049971769535887e+02
-1.250112221073589680e+01 6.617317620485192009e+00 1.874372354008717600e+00 6.617317620485192009e+00 -1.158757651444308756e+01 1.243423105009429548e-02 1.874372354008717600e+00 1.243423105009429548e-02 -2.042551404935364445e+01
-4.180352136960570064e+00 2.824453687008404934e+00 -6.721155035093937080e+00 2.824453687008404934e+00 -1.938593288165692385e+01 -3.725330444372820349e+00 -6.721155035093937080e+00 -3.725330444372820349e+00 -8.783742353158460858e+00
2.021988361942629808e+01 -2.456147436882425428e+00 -3.293444030880800177e+00 -2.456147436882425428e+00 2.456243088607777025e+01 -1.218545844945296830e+00 -3.293444030880800177e+00 -1.218545844945296830e+00 2.512070596914391629e+01
