-2.019305209803744461e+01 1.295112316805443342e+01 -1.153942995065327004e+01 1.295112316805443342e+01 -1.242799472852984088e+01 -5.915832120703070629e+00 -1.153942995065327004e+01 -5.915832120703070629e+00 -1.019059459329781525e+01
2.109560710278942253e+01 -3.852843135731101931e+00 -5.516260485406788483e+00 -3.852843135731101931e+00 -1.125237468733959467e+01 -7.052951238259880462e+00 -5.516260485406788483e+00 -7.052951238259880462e+00 -1.948920375511071512e+01
-3.855647430836514644e+01 -2.357593494211672080e+00 2.817885363693257261e+00 -2.357593494211672080e+00 -4.041885813837041042e+00 1.750111522223002325e+01 2.817885363693257261e+00 1.750111522223002325e+01 -6.041062512126789130e+00
-4.007255068307813417e+00 -1.006388675557379742e+01 -1.939366342294360113e+00 -1.006388675557379742e+01 -4.267572012635428180e+00 -1.409575566601768770e+01 -1.939366342294360113e+00 -1.409575566601768770e+01 -6.378651478201905256e+00
-1.018135131998826814e+01 1.017962646303118746e+01 -5.932177852994634293e+00 1.017962646303118746e+01 1.994649373830785422e+01 8.756461300605645093e+00 -5.932177852994634293e+00 8.756461300605645093e+00 -1.761317668710560014e+01
1.890688295348598169e+00 2.654942932247997600e+00 -8.447735914410536395e+00 2.654942932247997600e+00 -1.303750791484320715e+01 -1.807962134362397322e+01 -8.447735914410536395e+00 -1.807962134362397322e+01 -1.340733161330541101e+01
6.803508928297046054e+01 3.324717925186314815e+00 3.856335319454073929e+00 3.324717925186314815e+00 3.383633439870505555e+01 -8.140249920893950497e-01 3.856335319454073929e+00 -8.140249920893950497e-01 1.410021488870361672e+01
-1.316352512020532650e+01 2.884300742333643641e-01 9.157051102131413600e+00 2.884300742333643641e-01 1.948003966244823815e+01 6.059319214615694449e+00 9.157051102131413600e+00 6.059319214615694449e+00 -1.706350018593694839e+00
3.033781641719569677e+01 1.702656291617741147e+01 6.246279251722556936e+00 1.702656291617741147e+01 5.366074356722863925e+00 -4.065914293620410902e+00 6.246279251722556936e+00 -4.065914293620410902e+00 2.601406476373396615e+01
-7.231694454194609989e+00 -9.388693748364214997e+00 4.404629514549730729e+00 -9.388693748364214997e+00 9.041045588836212232e+00 -8.870326411722002646e+00 4.404629514549730729e+00 -8.870326411722002646e+00 3.214441931016171594e+00
-1.908071927294712111e+01 7.990561084781641732e+00 -2.177456711196264649e+01 7.990561084781641732e+00 8.369785489047576021e+00 1.639616598372829248e+00 -2.177456711196264649e+01 1.639616598372829248e+00 7.325769309054449785e+00
-4.680526322102093850e+00 3.984256975613021279e+00 8.395036823150149985e+00 3.984256975613021279e+00 1.860750053893273659e+01 2.072166048561780727e+01 8.395036823150149985e+00 2.072166048561780727e+01 -8.471437403630824869e-01
-3.423856823072748057e+01 1.410561814532336733e+01 -2.296312173053346672e+00 1.410561814532336733e+01 -3.430252414763729973e+01 -2.412770068527037903e+00 -2.296312173053346672e+00 -2.412770068527037903e+00 -2.033300881146122308e+01
2.659654199769114769e+00 7.456476329559864169e+00 -6.288511008519795276e+00 7.456476329559864169e+00 9.771528652942405913e+00 3.456120783874077063e+00 -6.288511008519795276e+00 3.456120783874077063e+00 9.504037848607239880e+00
1.825240001860957362e+00 -1.371829514651526871e+01 1.447353611320152744e+01 -1.371829514651526871e+01 1.480399024694224153e+01 -8.932991364013856739e+00 1.447353611320152744e+01 -8.932991364013856739e+00 -1.947470978481272708e+00
8.251838579747236224e+00 -3.487141103313858626e+00 1.979215315130053909e+01 -3.487141103313858626e+00 1.031158410550220417e+01 -4.931002036208540495e+00 1.979215315130053909e+01 -4.931002036208540495e+00 -1.982902232054274960e-01
-5.942498629639607621e+00 -1.181175757787898295e+00 7.660974299667839826e-01 -1.181175757787898295e+00 2.008570099521061891e+01 1.711269789631238325e+01 7.660974299667839826e-01 1.711269789631238325e+01 1.894583596548118720e+01
1.872951097224219197e+01 -7.218697161793912187e+00 5.376027148885574869e-01 -7.218697161793912187e+00 2.496489256836523563e+00 1.253054468123791843e+00 5.376027148885574869e-01 1.253054468123791843e+00 3.298557213230802887e+01
-4.036649771790355601e+01 1.192037415615156171e+01 6.353352076826427997e+00 1.192037415615156171e+01 -3.106644192726645315e+01 4.931241870179247755e+00 6.353352076826427997e+00 4.931241870179247755e+00 -1.775288678203174086e+01
2.173208846142172490e+01 -5.633233073284033665e+00 7.414283549725869449e+00 -5.633233073284033665e+00 -2.852816491998782400e+00 3.072501749917848191e+00 7.414283549725869449e+00 3.072501749917848191e+00 4.612131187453562653e+00
1.105020920872747325e+01 5.872219803052000087e-01 4.024119112426680189e+00 5.872219803052000087e-01 2.620229942743354634e+00 -7.014266455758345620e-01 4.024119112426680189e+00 -7.014266455758345620e-01 -9.852579553381298538e+00
-1.107646608370236763e+01 4.069054842544139738e+00 9.316128539922738927e-01 4.069054842544139738e+00 -2.853373756789843085e+01 -7.255840961969910907e+00 9.316128539922738927e-01 -7.255840961969910907e+00 -1.235489832491676943e+01
-3.509691590609475664e+00 9.471483565200099264e+00 -1.236619824234762000e+01 9.471483565200099264e+00 -8.827358301985688271e+00 -1.447905996794614625e+00 -1.236619824234762000e+01 -1.447905996794614625e+00 2.344828890976987434e+00
-1.419068534479697163e+01 7.465330435114013952e+00 -1.651735923639743031e-01 7.465330435114013952e+00 -6.300222393663004183e+00 2.719916419633815607e+01 -1.651735923639743031e-01 2.719916419633815607e+01 -2.869051150397686456e+01
3.086615479029724440e+01 -1.132497899402647512e+01 -1.432906554290657120e+01 -1.132497899402647512e+01 -4.705177171041466266e+00 -5.194760258335628933e+00 -1.432906554290657120e+01 -5.194760258335628933e+00 -2.336478198235953041e+00
-1.770878781324329054e+01 -3.084747050872371776e+00 -2.039655567199005759e+00 -3.084747050872371776e+00 4.708454054025986935e+00 5.395547715284235046e+00 -2.039655567199005759e+00 5.395547715284235046e+00 -2.766435339941521221e+01
-1.207889047787492132e+01 7.402832928712932414e+00 -9.739432529736012256e+00 7.402832928712932414e+00 -2.363218390874038022e+01 -1.897462530876314446e+01 -9.739432529736012256e+00 -1.897462530876314446e+01 1.061235466107804903e+01
-1.089919220073986850e+01 9.617747215515638493e-01 -2.991033663141806187e+00 9.617747215515638493e-01 4.604443263278116483e+00 -5.995112279418854939e+00 -2.991033663141806187e+00 -5.995112279418854939e+00 6.960381938638701804e+00
-9.061006504466753597e+00 -1.368190245158184215e+00 -2.609527358578287437e+00 -1.368190245158184215e+00 5.597190043031805118e+00 -7.597278156812937944e+00 -2.609527358578287437e+00 -7.597278156812937944e+00 1.978853102024384247e+00
-1.041961031633327117e+01 -8.693836256297210241e+00 -5.970519040374234976e+00 -8.693836256297210241e+00 2.853985083186175054e+00 -5.775637300019899278e+00 -5.970519040374234976e+00 -5.775637300019899278e+00 -8.160533980339378601e+00
-1.521825886157139074e+01 -1.368059737577969504e+00 5.034447566635487092e+00 -1.368059737577969504e+00 -1.809735699144209065e+01 -1.289879437615963731e+01 5.034447566635487092e+00 -1.289879437615963731e+01 -2.130884734981532702e+01
2.767100214785248724e+01 -6.316003481768130534e+00 6.395487871850376038e+00 -6.316003481768130534e+00 4.351239514101957084e+00 6.448199763998648137e+00 6.395487871850376038e+00 6.448199763998648137e+00 1.270630402826545158e+01
-1.204990650870301394e+01 2.183229655683591730e+01 -2.191350420783862774e+00 2.183229655683591730e+01 -3.096045300991719529e+01 -2.034483013903142457e+00 -2.191350420783862774e+00 -2.034483013903142457e+00 -1.851995053113865097e+01
-5.755055239929923738e-01 6.817152181941986910e+00 -2.089609550978617225e+00 6.817152181941986910e+00 1.007823517154529824e+01 -1.026931421086820251e+01 -2.089609550978617225e+00 -1.026931421086820251e+01 1.850648461824050628e+01
-1.312048681358487734e+01 9.373180128755432605e+00 -3.075422072212055991e+00 9.373180128755432605e+00 1.470835877063213726e+00 -3.465063402446326712e+00 -3.075422072212055991e+00 -3.465063402446326712e+00 2.269141766706193764e+01
-4.033870837604395021e+00 1.943322303582106869e+01 4.703764331971138191e+00 1.943322303582106869e+01 8.629473287027480399e-01 1.070916091883750365e+00 4.703764331971138191e+00 1.070916091883750365e+00 -9.859954807573666713e+00
-2.588863568926884184e+00 -1.462870600022142042e+01 -1.434536589679973950e+01 -1.462870600022142042e+01 9.675036310225820557e+00 9.045149123646641698e+00 -1.434536589679973950e+01 9.045149123646641698e+00 1.843179928326262651e+00
1.430380896611552721e+01 -2.259498938381264921e+00 1.464999827614286154e+00 -2.259498938381264921e+00 1.077804984308880698e+01 2.102370920990158876e+00 1.464999827614286154e+00 2.102370920990158876e+00 -3.193360640721559562e+00
-2.862490661026458127e+01 3.404826148648987250e+00 1.595007148413531439e+01 3.404826148648987250e+00 -1.681070919193466651e+01 2.284693288881946283e-01 1.595007148413531439e+01 2.284693288881946283e-01 -6.459690692430274384e-01
-3.472777214273106239e+01 -1.176214848495421705e+01 -3.099901675191308659e+00 -1.176214848495421705e+01 -2.844324597649097797e+01 -1.356627626159008848e+01 -3.099901675191308659e+00 -1.356627626159008848e+01 -2.760661462811017319e+00
-1.002070892998673912e+00 -1.529349413158981097e+00 1.960713716402525719e+01 -1.529349413158981097e+00 2.179747542021082651e+01 -6.332507258374246106e+00 1.960713716402525719e+01 -6.332507258374246106e+00 1.308773625554982090e+01
1.137185446212893192e+00 -1.064464994980538570e+01 5.402926204698590418e+00 -1.064464994980538570e+01 1.737666554262309759e+01 1.446818065069327197e+01 5.402926204698590418e+00 1.446818065069327197e+01 1.326073309363446917e+01
-2.090159761209669842e+00 1.108883358153826926e+01 1.441101394911413358e+01 1.108883358153826926e+01 -1.608947305671737382e+01 1.494436697405663494e+01 1.441101394911413358e+01 1.494436697405663494e+01 1.083560382445573955e+00
2.994685040307473400e+00 -1.822160719126019401e+01 -1.922922541821443687e+01 -1.822160719126019401e+01 3.730300527314544468e+01 -3.117702304874236940e+00 -1.922922541821443687e+01 -3.117702304874236940e+00 -8.002632973631314428e+00
-1.950309570955669969e+01 3.637672516599735673e+00 -6.441565102529898112e+00 3.637672516599735673e+00 -2.816176080322258102e+01 3.323957177343893399e+00 -6.441565102529898112e+00 3.323957177343893399e+00 -1.725862294444066336e+01
-1.348384624525937348e+01 2.874863174332499938e+00 3.495552388912875896e-02 2.874863174332499938e+00 3.253355809904029172e+00 3.305082383209528185e+00 3.495552388912875896e-02 3.305082383209528185e+00 -7.666962656686068911e+00
-3.353906598157585250e+01 9.673486044267813000e+00 -9.005059359375867656e-01 9.673486044267813000e+00 3.249561379343815504e-02 1.914663254586265850e+01 -9.005059359375867656e-01 1.914663254586265850e+01 -3.901513178745678090e+01
-2.399369820152284305e+01 2.106080419168922901e+01 -1.086239709561235323e+01 2.106080419168922901e+01 -1.668158589608176356e+01 -3.082160974738704429e+00 -1.086239709561235323e+01 -3.082160974738704429e+00 -9.942369607410311616e+00
2.106744130472165022e+00 -5.474908423339151398e+00 -1.677327663502388599e+00 -5.474908423339151398e+00 -5.542227846241900603e-03 -5.498407167968882625e+00 -1.677327663502388599e+00 -5.498407167968882625e+00 5.978398837062797178e+00
4.241259815817705459e+01 -2.906848622510870506e+00 -1.706452134560337619e+00 -2.906848622510870506e+00 1.488720271206972612e+01 1.437666601736386696e+01 -1.706452134560337619e+00 1.437666601736386696e+01 1.097263098266560633e+01
-7.725864261551273593e+00 1.337818114644734768e+00 -4.581572259970581484e+00 1.337818114644734768e+00 -7.331218780737040142e+00 1.087596662597864672e+01 -4.581572259970581484e+00 1.087596662597864672e+01 -2.568987924931866829e+01
-1.207489699261803295e+01 1.030298679192689448e+01 1.049305275988657726e+01 1.030298679192689448e+01 2.513134194389602882e+01 -2.204396893497432952e+00 1.049305275988657726e+01 -2.204396893497432952e+00 3.112210708476168719e+01
-1.349257147837183268e+01 -1.200190543547762623e+01 -2.832132492945598656e+00 -1.200190543547762623e+01 9.566282445374305610e+00 -2.679700769460458076e+01 -2.832132492945598656e+00 -2.679700769460458076e+01 1.972123461157291402e+01
-3.378946727361743285e+00 -1.158611348719638734e+01 5.029447056134321414e+00 -1.158611348719638734e+01 3.171954431624595561e+00 1.142598415064296624e+01 5.029447056134321414e+00 1.142598415064296624e+01 1.832992849790956313e+01
-2.053614892272352055e+00 -1.015310889362445579e+01 -4.876387627016113946e+00 -1.015310889362445579e+01 3.565358552685172544e+00 8.855782873018613888e-01 -4.876387627016113946e+00 8.855782873018613888e-01 -2.149473890496857997e+00
-3.361307331805318910e+01 5.018142484996138464e+00 1.112372255243947805e+01 5.018142484996138464e+00 -3.287081954939453965e+01 1.534726544903429080e+00 1.112372255243947805e+01 1.534726544903429080e+00 -3.718063015999312881e+01
-6.788271062077095408e+00 4.132792462682356671e+00 -2.038043597648615091e+00 4.132792462682356671e+00 5.802389622689264392e+00 7.404992918358397347e+00 -2.038043597648615091e+00 7.404992918358397347e+00 3.325073107090439795e+00
-5.670543286203788114e+00 3.630772714195935169e+00 1.569497802740805303e+00 3.630772714195935169e+00 -5.867877706952859956e-02 5.261191804696465635e-01 1.569497802740805303e+00 5.261191804696465635e-01 8.549081452604935905e+00
1.531052549688512698e+01 -8.558834992133672159e+00 -1.324049635042825468e+00 -8.558834992133672159e+00 1.377255888476427970e+01 7.506928722639798934e+00 -1.324049635042825468e+00 7.506928722639798934e+00 1.269051418750210125e+01
3.211366597280697022e+01 6.460584709503483403e+00 4.020162382584637761e+00 6.460584709503483403e+00 3.721678779283704941e+00 -4.351302019779750729e+00 4.020162382584637761e+00 -4.351302019779750729e+00 -6.995831538871241762e+00
3.610153674211247932e+01 8.274278580225537638e+00 1.173084469149794806e+01 8.274278580225537638e+00 -3.430142866190224016e+00 -1.296024588144422829e+01 1.173084469149794806e+01 -1.296024588144422829e+01 -6.077668726108713670e+00
-1.294410167479203189e+01 -1.505211002916025054e+00 9.306668907210355002e+00 -1.505211002916025054e+00 -5.050123226832590184e+00 -4.210810575603850303e+00 9.306668907210355002e+00 -4.210810575603850303e+00 -3.231122847280639832e+01
-5.471250830955780131e+00 -7.186413327626510750e+00 -7.141850632900881735e+00 -7.186413327626510750e+00 -9.668974776375729441e-01 1.051560976308643625e+01 -7.141850632900881735e+00 1.051560976308643625e+01 3.559525971394121058e+01
1.937094141312950413e+01 -5.357524489778586307e+00 8.523793696089690286e+00 -5.357524489778586307e+00 1.336229568509069487e+00 1.843257811659774248e+01 8.523793696089690286e+00 1.843257811659774248e+01 -2.215361520851807597e+00
3.576713603558410881e+01 -8.995052986508751403e+00 9.257687374439335315e+00 -8.995052986508751403e+00 1.663934421192788449e+01 1.212839353035758805e+01 9.257687374439335315e+00 1.212839353035758805e+01 1.617868066049075182e+01
-2.925842362143903586e+00 -5.106552084701943883e+00 -8.419734131236548791e+00 -5.106552084701943883e+00 -1.056024848292523366e+01 1.826063393015796343e+00 -8.419734131236548791e+00 1.826063393015796343e+00 -1.133258697248174407e+01
1.540675621382072080e+01 -8.204441534565770411e+00 1.912018447157147705e+01 -8.204441534565770411e+00 -1.422536467563710616e+01 3.790243405569783786e+00 1.912018447157147705e+01 3.790243405569783786e+00 -8.930598576087700025e+00
1.297956980105037417e+01 -8.713437481535335039e+00 1.949779399059067136e-02 -8.713437481535335039e+00 -7.449298548479004189e+00 -1.721165044665596611e+01 1.949779399059067136e-02 -1.721165044665596611e+01 2.753475545064287822e-01
6.070237943088467425e+00 3.294596275064250346e+00 8.798613068371746948e+00 3.294596275064250346e+00 1.014568035481056008e+01 1.587051456869365573e+01 8.798613068371746948e+00 1.587051456869365573e+01 6.172079899104346623e+00
4.528606360249180085e+01 -2.075507450258963615e+01 4.593410533086680125e+00 -2.075507450258963615e+01 7.723984316945917250e+00 1.551849876640208947e+01 4.593410533086680125e+00 1.551849876640208947e+01 -5.401074298637420501e-01
4.404913141538478527e+01 4.733177089938666704e+00 -4.883894467232448910e+00 4.733177089938666704e+00 2.247086256750862177e+01 -6.194434720543257278e+00 -4.883894467232448910e+00 -6.194434720543257278e+00 -5.211467785859229984e+00
-1.247702417452814316e+01 1.077860672480858639e+01 -1.637158611435738464e+01 1.077860672480858639e+01 -1.952166388844848610e+00 1.814824078121087680e+01 -1.637158611435738464e+01 1.814824078121087680e+01 1.072102826147358634e+01
2.997697885169981902e+01 2.108963023425168970e+01 -3.000347675314797868e+01 2.108963023425168970e+01 3.364890658255885114e+01 -4.492305766567721292e+00 -3.000347675314797868e+01 -4.492305766567721292e+00 -4.798605409116957432e+00
3.447553920019831963e+01 6.350630783262590562e+00 -1.098275330299947861e+01 6.350630783262590562e+00 3.044583114466387075e-01 9.513682977620440795e+00 -1.098275330299947861e+01 9.513682977620440795e+00 2.022873891234791444e+01
6.928728917059331138e+01 1.644182065011695570e+01 9.812499177486557755e+00 1.644182065011695570e+01 3.324947646369449394e+00 1.245688492107435508e+01 9.812499177486557755e+00 1.245688492107435508e+01 -2.760503111662842102e+01
-4.097374677166729207e+00 -1.733504007278618886e+01 6.409984603648989143e+00 -1.733504007278618886e+01 1.631887503402147743e+01 2.252507505550226607e+00 6.409984603648989143e+00 2.252507505550226607e+00 -1.920424081058093080e+01
2.430674421488670944e+01 -9.553569376608725960e+00 -1.404109186784195451e+01 -9.553569376608725960e+00 2.400281406345752444e+01 8.014198644018245332e+00 -1.404109186784195451e+01 8.014198644018245332e+00 4.369469106190291541e+01
-7.439778818287218209e-01 -1.248238470376820075e+01 -1.227582602833082959e+01 -1.248238470376820075e+01 2.131226690842908411e+01 2.442519260349063526e+00 -1.227582602833082959e+01 2.442519260349063526e+00 1.167676999311275665e+01
-7.640871502900917989e+00 -6.906937779066312011e+00 -6.288198807461076179e+00 -6.906937779066312011e+00 -1.387090999624564835e+00 -1.732132234625114231e+00 -6.288198807461076179e+00 -1.732132234625114231e+00 2.346697686212050371e+01
-6.520361064898121839e+00 2.081046656187252708e+00 1.774398817476414925e+00 2.081046656187252708e+00 -1.197467125333061944e+01 -9.243304496770113343e-02 1.774398817476414925e+00 -9.243304496770113343e-02 -6.752629587314854298e+00
1.849116972795568614e+01 -3.491933011114391139e+00 6.590557956386478011e+00 -3.491933011114391139e+00 -1.177740886712579460e+01 -1.190996539667811405e+01 6.590557956386478011e+00 -1.190996539667811405e+01 1.408127029386800366e+01
-1.215271538948009322e+01 1.294836794670380087e+01 8.189623701940929479e+00 1.294836794670380087e+01 -2.453161922811144979e+00 1.233356137917238371e+01 8.189623701940929479e+00 1.233356137917238371e+01 -2.245862934155396928e+01
-1.490364235300177143e+01 9.899548922187227928e-01 -5.772934157368245778e+00 9.899548922187227928e-01 2.458613160396827535e+00 -1.180054377335359383e+01 -5.772934157368245778e+00 -1.180054377335359383e+01 -9.057478922439262448e+00
4.527292533593904267e+00 1.323495183044248691e+01 -1.274183975290172732e+01 1.323495183044248691e+01 -3.456231997624028907e+01 -1.026562688686994917e+01 -1.274183975290172732e+01 -1.026562688686994917e+01 -4.261155312660195449e+01
-1.138417084667623369e+00 5.955675198731344988e-01 -3.154553307247860872e+00 5.955675198731344988e-01 -3.552537771966042257e+00 -6.961161748297470808e+00 -3.154553307247860872e+00 -6.961161748297470808e+00 1.850227250743795793e+01
-1.669473844481980385e-01 6.354200653058272863e+00 9.644939766374006851e+00 6.354200653058272863e+00 5.369750028733837333e+00 3.922727711374555781e+00 9.644939766374006851e+00 3.922727711374555781e+00 3.666203719142736350e+00
8.644199360006219024e+00 -7.761656511031538308e+00 1.876872132737042875e+01 -7.761656511031538308e+00 9.242433365111471510e-02 -1.478465971976580029e+01 1.876872132737042875e+01 -1.478465971976580029e+01 1.445198433127386650e+01
-3.711551728414058005e+01 -4.258843696514291288e+00 1.219830647864636930e+01 -4.258843696514291288e+00 -3.555096979311532834e+01 -1.067983483030674208e+01 1.219830647864636930e+01 -1.067983483030674208e+01 -2.722720120268288824e+01
1.419250534287676224e+01 9.913358989929115239e+00 -9.805245572165109280e+00 9.913358989929115239e+00 3.079123900117409462e+01 -2.703295659414681751e-01 -9.805245572165109280e+00 -2.703295659414681751e-01 2.472356017174013232e+01
-2.402054656554843515e+00 1.310411680676756774e+01 -4.892230827479333577e+00 1.310411680676756774e+01 -1.128340648689941617e+01 3.477328327931781704e+00 -4.892230827479333577e+00 3.477328327931781704e+00 3.859544252136659193e+00
-1.604982233031301675e+01 9.346381388694554815e+00 -3.757201508551075264e+00 9.346381388694554815e+00 -7.180272891670389512e+00 -2.507533099678383337e+00 -3.757201508551075264e+00 -2.507533099678383337e+00 -2.115776294570320815e+01
-4.895734268120774857e+01 1.034704645321349226e+01 1.219364412848689128e+01 1.034704645321349226e+01 -3.850077855518490111e+01 1.323527759423197914e+01 1.219364412848689128e+01 1.323527759423197914e+01 -2.530923143927195440e+01
3.548505466177176260e+01 9.307862996425622981e+00 4.092831041198114472e-01 9.307862996425622981e+00 2.820263392495471422e+00 -1.506535333003957433e+01 4.092831041198114472e-01 -1.506535333003957433e+01 2.483290375449488607e+01
-3.411610732235411092e+01 6.240849661500199375e+00 4.432272920461126364e-02 6.240849661500199375e+00 -1.463494929864423000e+01 1.474780853761574084e+00 4.432272920461126364e-02 1.474780853761574084e+00 -2.999748438171452136e+01
1.360873374066228081e+01 6.644620064686263206e+00 3.289478133224950529e+00 6.644620064686263206e+00 2.507860497179511228e+01 3.635283806671539608e+00 3.289478133224950529e+00 3.635283806671539608e+00 1.681107493551326115e+01
-2.433672930603082918e+01 -5.816583388505316421e-01 -5.700096628913160934e+00 -5.816583388505316421e-01 3.811588183010842013e+00 -8.373972066471324638e+00 -5.700096628913160934e+00 -8.373972066471324638e+00 -1.676455034317702442e+01
-5.207509972726616354e+01 1.155806192761938522e+00 -2.915619006874892172e+00 1.155806192761938522e+00 -3.030013286941432682e+01 -8.644703491780168392e+00 -2.915619006874892172e+00 -8.644703491780168392e+00 -7.993786886219309551e+00
-1.869939157674186347e+01 -7.136670126750339627e+00 -1.604287639633604101e+00 -7.136670126750339627e+00 -2.040681195449672813e+01 -1.449606840574382538e+01 -1.604287639633604101e+00 -1.449606840574382538e+01 -4.660813744159372218e-01
-4.031420147922957398e+01 -7.488264593514387002e+00 6.006489344912165684e+00 -7.488264593514387002e+00 -6.389906673404583515e+00 1.861473798045008721e+01 6.006489344912165684e+00 1.861473798045008721e+01 -5.297187628751570898e+00
-9.456979059695838075e+00 -4.253415009351594556e+00 1.126994798784732765e+01 -4.253415009351594556e+00 -2.420958928712861180e+01 6.514330328302266881e-01 1.126994798784732765e+01 6.514330328302266881e-01 -1.052673914490719120e+01
-2.062927262005037221e+01 5.017820437881409523e-01 -9.433812158751498700e+00 5.017820437881409523e-01 -1.361211900301275612e+01 -2.440025881700740129e+01 -9.433812158751498700e+00 -2.440025881700740129e+01 -1.850606887711435533e+01
1.432009890685705145e+01 1.131839269710009033e+00 1.079543204322504302e+01 1.131839269710009033e+00 -2.357564172795203916e+01 -5.099457761908887221e+00 1.079543204322504302e+01 -5.099457761908887221e+00 -2.354355468481134039e+01
2.403745694687180645e+01 -1.127759446387609010e+01 1.272878909215967269e+01 -1.127759446387609010e+01 2.927563946060415034e+01 3.242905782107764701e+00 1.272878909215967269e+01 3.242905782107764701e+00 2.239005072440604760e+00
-9.988745481000112392e+00 3.008970522526722391e+01 2.398613879046033048e+01 3.008970522526722391e+01 3.385519374531540393e+01 -4.620174285338827236e-01 2.398613879046033048e+01 -4.620174285338827236e-01 -1.290346116999291759e+01
3.106336188698181289e+01 -1.335648792311016742e+00 4.467957372598680976e+00 -1.335648792311016742e+00 3.507830904328412913e+01 8.113189665254036953e+00 4.467957372598680976e+00 8.113189665254036953e+00 1.748571699382744526e+01
-1.931733615010547922e+01 -6.617636138869218421e+00 5.542864323599046905e+00 -6.617636138869218421e+00 -4.208140544332167110e+01 -8.084858651295618870e+00 5.542864323599046905e+00 -8.084858651295618870e+00 -1.522537851397449593e+01
-7.134081851413277775e+00 2.853797102049874468e+00 1.161824057194291449e+01 2.853797102049874468e+00 -3.035334737888898715e+01 6.554969947950954889e+00 1.161824057194291449e+01 6.554969947950954889e+00 7.076579077932292350e+00
-1.590105908879251473e+01 1.567336922600169835e+01 9.435994469199719958e+00 1.567336922600169835e+01 3.492514901533226190e+00 1.283019693228811420e+01 9.435994469199719958e+00 1.283019693228811420e+01 -1.905724279699047585e+01
9.830920823216384719e-01 1.154585722629288824e+01 -1.211745632986013455e+01 1.154585722629288824e+01 -3.344543907327412313e+01 -8.454299406296202690e+00 -1.211745632986013455e+01 -8.454299406296202690e+00 -4.057927710446080738e+01
